 delorad=[
  0.41421356237309637     
  0.34884141019509723     
  0.37944743717876667     
  0.38150759591120398     
  0.34659582914799242     
  0.39965159757615387     
  0.36268833435441761     
  0.39061609700456301     
  0.37302419382411350     
  0.36672963702275790     
  0.38741924987920884     
 ];
