 Delta=[
  0.58578643762690619     
  0.49333624763683148     
  0.53661970855893149     
  0.53953321475791993     
  0.49016052195233817     
  0.56519270665348942     
  0.51291875686055199     
  0.55241457821323259     
  0.52753587589541229     
  0.51863402183464746     
  0.54789355220497793     
 ];
