 H1=[
   0.0000000000000000     
   1.4135798584282302E-016
   1.4135798584282302E-016
   4.2407395752846909E-016
   1.2722218725854073E-015
   7.0678992921411518E-016
   1.1308638867425842E-015
   1.4135798584282302E-016
   7.0678992921411518E-016
   7.0678992921411518E-016
   1.4135798584282302E-016
 ];
