 H2=[
   0.0000000000000000     
   1.5933070451427639E-008
   1.6472817108763988E-009
   3.5730634591746872E-008
   8.7615470576832698E-008
   7.9299190433305251E-008
   6.4168352433786446E-008
   9.2921439523626126E-008
   1.8052941883893862E-007
   1.1717463325312039E-007
   1.3311844223674418E-007
 ];
