 H3=[
   3.4927665463156206E-016
   1.4434282977183973E-006
   1.9807297298463961E-006
   1.2171934915844046E-005
   1.2383459182557908E-005
   9.6751572008149548E-006
   7.2647139170060712E-006
   3.0581969006558422E-005
   1.5897697973426445E-005
   1.1220144967470749E-005
   8.3165600179067168E-006
 ];
