 kADB=[
   1.9993129645512522     
   1.9979375836118494     
   1.9901651610809767     
   1.9761018256331313     
   1.9559878868400815     
   1.9301894175732139     
   1.8991831519595519     
   1.8635356679758790     
   1.8238783927259754     
   1.7808803836422999     
   1.7352210310114755     
   1.6875647587837959     
   1.6385394763836982     
   1.5887200038413682     
   1.5386170431395576     
   1.4886716082515241     
   1.4392542615097146     
   1.3906681169881059     
   1.3431544032933074     
   1.2968994210468565     
   1.2520419343788742     
   1.2086803250003051     
   1.1668791323649248     
   1.1266748420352704     
   1.0880809353132574     
   1.0510922777778413     
   1.0156889277125596     
  0.98183942161168769     
  0.94950357160506949     
  0.91863480307848877     
  0.88918206942509792     
  0.86109139510094745     
  0.83430710741595493     
  0.80877281641548127     
  0.78443219225773253     
  0.76122957640599531     
  0.73911045249168095     
  0.71802179747549599     
  0.69791233265684771     
  0.67873269412774506     
  0.66043554089609158     
  0.64297561552446059     
  0.62630976792893411     
  0.61039694962356661     
  0.59519818403701263     
  0.58067651820263699     
  0.56679696107962063     
  0.55352641316130879     
  0.54083359078461291     
  0.52868894721203874     
  0.51706459171674879     
  0.50593420773003828     
  0.49527297128677494     
  0.48505747104865937     
  0.47526563086204682     
  0.46587663526371553     
  0.45687085792494447     
  0.44822979294084198     
  0.43993598905740239     
  0.43197298711673082     
  0.42432526097242079     
  0.41697816188531095     
  0.40991786614891262     
  0.40313132561223702     
  0.39660622089869640     
  0.39033091731781355     
  0.38429442354672760     
  0.37848635305612099     
  0.37289688806962717     
  0.36751674574192977     
  0.36233714630280994     
  0.35734978307960857     
  0.35254679443307052     
  0.34792073762249381     
  0.34346456448488794     
  0.33917159869354468     
  0.33503551436068041     
  0.33105031586535960     
  0.32721031891984270     
  0.32351013292507408     
  0.31994464458621058     
  0.31650900264073650     
  0.31319860350279488     
  0.31000907769081376     
  0.30693627702546361     
  0.30397626265926320     
  0.30112529396912230     
  0.29837981824218929     
  0.29573646100640266     
  0.29319201687021790     
  0.29074344082897491     
  0.28838784008768004     
  0.28612246646436001     
  0.28394470936713717     
  0.28185208924800054     
  0.27984225140722108     
  0.27791296007933664     
  0.27606209282433491     
  0.27428763529656386     
  0.27258767642952564     
  0.27096040399057586     
  0.26940410040094775     
  0.26791713873451545     
  0.26649797888672910     
  0.26514516397521287     
  0.26385731703625437     
  0.26263313801707788     
  0.26147140099046406     
  0.26037095150033701     
  0.25933070399925084     
  0.25834963941512762     
  0.25742680291909736     
  0.25656130193059579     
  0.25575230432291984     
  0.25499903674664232     
  0.25430078300918146     
  0.25365688251746266     
  0.25306672884706888     
  0.25252976849736986     
  0.25204549983272856     
  0.25161347214784213     
  0.25123328478464718     
  0.25090458627772200     
  0.25062707357110442     
  0.25040049137487358     
  0.25022463169358172     
  0.25009933349340435     
  0.25002448243787789     
  0.25000001064530442     
  0.25002589648352491     
  0.25010216446530337     
  0.25022888529921045     
  0.25040617609495858     
  0.25063420066795655     
  0.25091316988269668     
  0.25124334202256304     
  0.25162502323279889     
  0.25205856810249361     
  0.25254438041471416     
  0.25308291403403527     
  0.25367467387028059     
  0.25432021688263712     
  0.25502015314726911     
  0.25577514705290305     
  0.25658591867719627     
  0.25745324534299180     
  0.25837796330519774     
  0.25936096951836213     
  0.26040322348270795     
  0.26150574922103909     
  0.26266963745347716     
  0.26389604799955435     
  0.26518621238119666     
  0.26654143657492274     
  0.26796310388955608     
  0.26945267800285050     
  0.27101170622758874     
  0.27264182306337365     
  0.27434475403804826     
  0.27612231979890622     
  0.27797644041759667     
  0.27990913992138833     
  0.28192255111569042     
  0.28401892077403212     
  0.28620061523357399     
  0.28847012638124370     
  0.29083007799533439     
  0.29328323243890930     
  0.29583249775866888     
  0.29848093527776626     
  0.30123176775490385     
  0.30408838813095351     
  0.30705436884500276     
  0.31013347171060685     
  0.31332965839481436     
  0.31664710159456710     
  0.32009019701470348     
  0.32366357621345482     
  0.32737212033148094     
  0.33122097470587664     
  0.33521556440743522     
  0.33936161079929750     
  0.34366514924953495     
  0.34813254811300115     
  0.35277052904793993     
  0.35758618869798608     
  0.36258702178515850     
  0.36778094571563485     
  0.37317632685287949     
  0.37878200862006089     
  0.38460734155294873     
  0.39066221537459983     
  0.39695709315076044     
  0.40350304762334310     
  0.41031179987650129     
  0.41739576051562499     
  0.42476807350923090     
  0.43244266277905496     
  0.44043428157365894     
  0.44875856465821895     
  0.45743208338450397     
  0.46647240372108256     
  0.47589814728069085     
  0.48572905527776145     
  0.49598605522442457     
  0.50669133007237699     
  0.51786838943763236     
  0.52954214246425679     
  0.54173897173381547     
  0.55448680737982303     
  0.56781520023965293     
  0.58175539251363140     
  0.59634038402406642     
  0.61160499174609018     
  0.62758589975016554     
  0.64432169599345845     
  0.66185289150998516     
  0.68022191650582686     
  0.69947308669507591     
  0.71965253190186340     
  0.74080807744296229     
  0.76298906702377545     
  0.78624611380009646     
  0.81063076391686273     
  0.83619505431452923     
  0.86299094397528497     
  0.89106959512740858     
  0.92048047831059887     
  0.95127027277900000     
  0.98348153176479802     
   1.0171510810672244     
   1.0523081198007345     
   1.0889719945347565     
   1.1271496231593929     
   1.1668325533951618     
   1.2079936538376870     
   1.2505834537857727     
   1.2945261727976825     
   1.3397155126719194     
   1.3860103236175454     
   1.4332303023639383     
   1.4811519315835857     
   1.5295049248645090     
   1.5779694957729384     
   1.6261748178568476     
   1.6736990776122920     
   1.7200715358390926     
   1.7647769949532479     
   1.8072630113579164     
   1.8469500851159188     
   1.8832448993938091     
   1.9155564701098371     
   1.9433148096086621     
   1.9659914232157412     
   1.9831206694831591     
   1.9943207572895516     
   1.9993129645512522     
   1.9979375836118494     
   1.9901651610809767     
   1.9761018256331313     
   1.9559878868400815     
   1.9301894175732139     
   1.8991831519595519     
   1.8635356679758790     
   1.8238783927259754     
   1.7808803836422999     
   1.7352210310114755     
   1.6875647587837959     
   1.6385394763836982     
   1.5887200038413682     
   1.5386170431395576     
   1.4886716082515241     
   1.4392542615097146     
   1.3906681169881059     
   1.3431544032933074     
   1.2968994210468565     
   1.2520419343788742     
   1.2086803250003051     
   1.1668791323649248     
   1.1266748420352704     
   1.0880809353132574     
   1.0510922777778413     
   1.0156889277125596     
  0.98183942161168769     
  0.94950357160506949     
  0.91863480307848877     
  0.88918206942509792     
  0.86109139510094745     
  0.83430710741595493     
  0.80877281641548127     
  0.78443219225773253     
  0.76122957640599531     
  0.73911045249168095     
  0.71802179747549599     
  0.69791233265684771     
  0.67873269412774506     
