 ksADB=[
 -0.18240294228145321     
  0.15008033111399083     
  0.48473894217397268     
  0.81483679434857925     
   1.1335501439249454     
   1.4342841304410121     
   1.7109970117944595     
   1.9585071402251297     
   2.1727566775128837     
   2.3510079257824379     
   2.4919528492341025     
   2.5957239995089170     
   2.6638044276757218     
   2.6988448168079260     
   2.7044058726756632     
   2.6846524487807484     
   2.6440306472861903     
   2.5869604921194669     
   2.5175733115266747     
   2.4395160587597005     
   2.3558347446193664     
   2.2689379900524886     
   2.1806309809598354     
   2.0922016772715768     
   2.0045362430072156     
   1.9182401719656732     
   1.8337449751837702     
   1.7513871445752509     
   1.6714541549230388     
   1.5942004048190268     
   1.5198417701748639     
   1.4485404746784689     
   1.3803912154675999     
   1.3154163026219923     
   1.2535725034442462     
   1.1947676949814507     
   1.1388820568619722     
   1.0857877330175234     
   1.0353621734809548     
  0.98749325760652829     
  0.94207730311678783     
  0.89901330118877454     
  0.85819717431457276     
  0.81951901697412743     
  0.78286417033827449     
  0.74811729030537200     
  0.71516718318533390     
  0.68391042220002674     
  0.65425245416328315     
  0.62610639046780436     
  0.59939054285812998     
  0.57402616237171478     
  0.54993639993732546     
  0.52704667520516579     
  0.50528592338952794     
  0.48458781515520521     
  0.46489124041355240     
  0.44613987818772594     
  0.42828115598859978     
  0.41126522169227836     
  0.39504437255140917     
  0.37957309148631946     
  0.36480844077240954     
  0.35071041497940059     
  0.33724196390718753     
  0.32436863670021115     
  0.31205806432319894     
  0.30027953128881979     
  0.28900383657898376     
  0.27820335831735227     
  0.26785221562568745     
  0.25792627081224284     
  0.24840299601270555     
  0.23926119628693995     
  0.23048079676881686     
  0.22204273223044146     
  0.21392896783904813     
  0.20612254519333131     
  0.19860756805183177     
  0.19136910612952648     
  0.18439305724823324     
  0.17766602703506276     
  0.17117530513085899     
  0.16490884336429490     
  0.15885529871500476     
  0.15300396387000398     
  0.14734472870384008     
  0.14186797991307074     
  0.13656457171601061     
  0.13142580440903814     
  0.12644343147260964     
  0.12160964144323422     
  0.11691702701698550     
  0.11235852855494594     
  0.10792741324157046     
  0.10361724838259635     
   9.9421910098166907E-002
   9.5335564240400988E-002
   9.1352653478260229E-002
   8.7467857203081062E-002
   8.3676084288262689E-002
   7.9972444667605808E-002
   7.6352264861686586E-002
   7.2811059240519560E-002
   6.9344536647535246E-002
   6.5948559050890782E-002
   6.2619149702056121E-002
   5.9352466462339590E-002
   5.6144814517829510E-002
   5.2992622620481371E-002
   4.9892449524639358E-002
   4.6840951915854905E-002
   4.3834895804344187E-002
   4.0871132971756631E-002
   3.7946614365689912E-002
   3.5058364349334549E-002
   3.2203492050626885E-002
   2.9379163516064798E-002
   2.6582613332491661E-002
   2.3811125804524744E-002
   2.1062044044101214E-002
   1.8332750702949194E-002
   1.5620671296733189E-002
   1.2923261341171345E-002
   1.0238009517110807E-002
   7.5624224319344084E-003
   4.8940355417942377E-003
   2.2303882404318665E-003
  -4.3096259368346622E-004
  -3.0924635213842758E-003
  -5.7565545406753453E-003
  -8.4256874526922026E-003
  -1.1102316164813926E-002
  -1.3788918994056236E-002
  -1.6487985972918891E-002
  -1.9202039321110236E-002
  -2.1933625150806196E-002
  -2.4685329172304107E-002
  -2.7459774941292578E-002
  -3.0259634184487728E-002
  -3.3087629501022800E-002
  -3.5946540916783259E-002
  -3.8839210233547597E-002
  -4.1768553167811452E-002
  -4.4737555294460787E-002
  -4.7749292241111942E-002
  -5.0806921464556752E-002
  -5.3913705041129037E-002
  -5.7073002306795503E-002
  -6.0288292067603159E-002
  -6.3563168781498786E-002
  -6.6901360327029008E-002
  -7.0306730864124631E-002
  -7.3783296883303831E-002
  -7.7335229525126559E-002
  -8.0966877232266893E-002
  -8.4682761012729424E-002
  -8.8487605969610070E-002
  -9.2386335666077041E-002
  -9.6384101379125786E-002
 -0.10048628602176389     
 -0.10469852496655371     
 -0.10902672199391736     
 -0.11347706589023439     
 -0.11805604923580090     
 -0.12277049045888443     
 -0.12762755210957488     
 -0.13263476626239454     
 -0.13780005707998222     
 -0.14313176879243186     
 -0.14863868996972318     
 -0.15433008811195797     
 -0.16021573527430999     
 -0.16630594872712487     
 -0.17261162017780110     
 -0.17914426018935745     
 -0.18591603614517646     
 -0.19293981810410385     
 -0.20022922472093968     
 -0.20779867632479765     
 -0.21566344590514433     
 -0.22383971938360628     
 -0.23234465689178854     
 -0.24119645805248285     
 -0.25041443309241795     
 -0.26001907885143200     
 -0.27003215722263629     
 -0.28047678317972324     
 -0.29137751136683399     
 -0.30276043992773471     
 -0.31465330326866497     
 -0.32708558986613595     
 -0.34008865080998418     
 -0.35369582044700226     
 -0.36794254712562857     
 -0.38286652007818506     
 -0.39850780915260003     
 -0.41490900780466566     
 -0.43211537526944971     
 -0.45017498790213462     
 -0.46913888687680755     
 -0.48906122228431514     
 -0.50999940114231057     
 -0.53201421793772941     
 -0.55516997659935785     
 -0.57953459501663429     
 -0.60517968177391535     
 -0.63218057484210288     
 -0.66061634209286935     
 -0.69056971249496579     
 -0.72212693434406117     
 -0.75537754486319808     
 -0.79041399801653900     
 -0.82733116820623975     
 -0.86622564884120434     
 -0.90719483259536149     
 -0.95033572432823488     
 -0.99574340874839873     
  -1.0435091445725282     
  -1.0937179697054804     
  -1.1464457755179691     
  -1.2017557203432199     
  -1.2596939197731789     
  -1.3202842612817687     
  -1.3835222876848496     
  -1.4493679791668934     
  -1.5177373858376331     
  -1.5884929883602379     
  -1.6614327387777488     
  -1.7362777813497887     
  -1.8126588768824285     
  -1.8901016844169323     
  -1.9680111428707836     
  -2.0456553228867911     
  -2.1221493454163092     
  -2.1964400780180764     
  -2.2672926640724218     
  -2.3332800579141240     
  -2.3927771365984380     
  -2.4439610443972781     
  -2.4848197827404555     
  -2.5131710248611743     
  -2.5266932672982731     
  -2.5229711662809389     
  -2.4995565830477071     
  -2.4540462058222992     
  -2.3841756884899903     
  -2.2879290071131879     
  -2.1636602680438566     
  -2.0102233893562693     
  -1.8271033567226447     
  -1.6145408190289992     
  -1.3736404158987319     
  -1.1064520686011374     
 -0.81601433456349093     
 -0.50634959854999129     
 -0.18240294233193488     
  0.15008033121674441     
  0.48473894208270424     
  0.81483679442547041     
   1.1335501438857287     
   1.4342841304138627     
   1.7109970119048858     
   1.9585071400158962     
   2.1727566777815293     
   2.3510079255390601     
   2.4919528494526930     
   2.5957239992478032     
   2.6638044280190196     
   2.6988448164355652     
   2.7044058729932652     
   2.6846524485609651     
   2.6440306474289250     
   2.5869604920206331     
   2.5175733115786056     
   2.4395160587544629     
   2.3558347445702101     
   2.2689379901056639     
   2.1806309810004936     
   2.0922016771070808     
   2.0045362432143929     
   1.9182401718330282     
   1.8337449752278172     
   1.7513871445719305     
   1.6714541549467550     
   1.5942004047445570     
   1.5198417702423828     
   1.4485404746357191     
   1.3803912155625875     
   1.3154163023786456     
   1.2535725038195855     
   1.1947676946116950     
   1.1388820571502696     
   1.0857877327957044     
   1.0353621736777743     
