 kssADB=[
   17.398685961010479     
   17.686186606045020     
   17.625261181361036     
   17.203348321542180     
   16.424009091573684     
   15.307944373835015     
   13.892763185506613     
   12.231379386583482     
   10.389060485363254     
   8.4392965496020089     
   6.4588263424878622     
   4.5222710695874779     
   2.6969223908005673     
   1.0382323834361158     
 -0.41349675143166137     
  -1.6348650393541060     
  -2.6194055294825938     
  -3.3759420296832325     
  -3.9255647214175089     
  -4.2976718952995441     
  -4.5256649708723868     
  -4.6428826746122542     
  -4.6793001418369737     
  -4.6593519211109715     
  -4.6010229299904903     
  -4.5161270196393568     
  -4.4114900292142751     
  -4.2906272598862865     
  -4.1554735779191807     
  -4.0077817209914377     
  -3.8499544492823099     
  -3.6852462297394024     
  -3.5174550267726681     
  -3.3503268837633824     
  -3.1869532266679039     
  -3.0293697036846927     
  -2.8784824492366874     
  -2.7342933546465735     
  -2.5963145603281892     
  -2.4639967103781499     
  -2.3370304921305842     
  -2.2154421319923800     
  -2.0995009096727690     
  -1.9895187957120961     
  -1.8856579139337932     
  -1.7878227059860416     
  -1.6956808776692951     
  -1.6087678495049722     
  -1.5266311179810141     
  -1.4489248036535309     
  -1.3754427416215989     
  -1.3060689650452173     
  -1.2407055226314658     
  -1.1792025155525239     
  -1.1213386757665795     
  -1.0668418359630834     
  -1.0154409267333837     
 -0.96690665163124501     
 -0.92107169197210437     
 -0.87781164533562450     
 -0.83701793003012737     
 -0.79856486119980330     
 -0.76230599469881766     
 -0.72808093065879442     
 -0.69574142060516841     
 -0.66516228173134673     
 -0.63624802938523428     
 -0.60891628520361851     
 -0.58308787561485020     
 -0.55867368847740084     
 -0.53558092393354706     
 -0.51371888114140840     
 -0.49300998532089041     
 -0.47338984587137178     
 -0.45480384865623552     
 -0.43719837943546652     
 -0.42051812239566655     
 -0.40470507392526128     
 -0.38970590445656134     
 -0.37547204160281228     
 -0.36196467479391359     
 -0.34914638694204925     
 -0.33698295614908758     
 -0.32543719268828658     
 -0.31447373153845831     
 -0.30405958402637123     
 -0.29416598609781797     
 -0.28476786125439690     
 -0.27584129992858575     
 -0.26736240400985428     
 -0.25930774942111845     
 -0.25165459338554141     
 -0.24438354356204503     
 -0.23747652607513961     
 -0.23091752486037204     
 -0.22469009489840511     
 -0.21877870869806315     
 -0.21316781977705854     
 -0.20784439872279106     
 -0.20279566927024095     
 -0.19801088028820835     
 -0.19347853166209794     
 -0.18918828169773094     
 -0.18512962936372532     
 -0.18129365050550189     
 -0.17767194183189264     
 -0.17425683770213379     
 -0.17104078440998929     
 -0.16801671120344422     
 -0.16517774743762068     
 -0.16251799803085196     
 -0.16003197498770730     
 -0.15771455761615311     
 -0.15556084334996731     
 -0.15356623271701758     
 -0.15172660787980874     
 -0.15003809675500840     
 -0.14849760979253457     
 -0.14710181060219912     
 -0.14584802852521958     
 -0.14473343805756766     
 -0.14375606261084356     
 -0.14291387527281477     
 -0.14220521484753640     
 -0.14162880587940027     
 -0.14118333088058518     
 -0.14086790524658838     
 -0.14068209734170578     
 -0.14062534699943494     
 -0.14069777713877660     
 -0.14089933054458706     
 -0.14123055747577207     
 -0.14169193154026644     
 -0.14228472627513794     
 -0.14300970214013656     
 -0.14386878946189691     
 -0.14486319097334172     
 -0.14599540732447783     
 -0.14726730778134231     
 -0.14868183602811189     
 -0.15024163775906410     
 -0.15194993749517693     
 -0.15381033295344354     
 -0.15582659852587835     
 -0.15800292850183362     
 -0.16034396963998038     
 -0.16285445312568861     
 -0.16553997822361657     
 -0.16840593283764393     
 -0.17145891243284786     
 -0.17470510390006730     
 -0.17815196535119418     
 -0.18180686427623810     
 -0.18567809131012561     
 -0.18977425036715120     
 -0.19410480041793163     
 -0.19867932949983375     
 -0.20350899219833371     
 -0.20860437997803169     
 -0.21397836383125277     
 -0.21964298306183094     
 -0.22561265854822729     
 -0.23190145442886212     
 -0.23852536677512368     
 -0.24550062243598605     
 -0.25284530306180486     
 -0.26057786499118268     
 -0.26871877989282517     
 -0.27728917112450091     
 -0.28631215903315455     
 -0.29581182364359876     
 -0.30581445547164765     
 -0.31634741092147733     
 -0.32744066800872101     
 -0.33912527261336706     
 -0.35143538406518304     
 -0.36440644744708944     
 -0.37807719385483379     
 -0.39248816275191084     
 -0.40768344134743495     
 -0.42370922265484079     
 -0.44061575385675106     
 -0.45845582861401635     
 -0.47728654082961508     
 -0.49716826293611616     
 -0.51816599871134994     
 -0.54034862532502936     
 -0.56379013977765235     
 -0.58856902538780276     
 -0.61476963846556998     
 -0.64248098899364636     
 -0.67179921405289200     
 -0.70282523572652833     
 -0.73566783076800646     
 -0.77044158105615390     
 -0.80726890641375637     
 -0.84627902081740802     
 -0.88760940330138360     
 -0.93140445052763843     
 -0.97781746391695135     
  -1.0270084462269373     
  -1.0791460861499889     
  -1.1344057000005696     
  -1.1929699820450868     
  -1.2550269825375282     
  -1.3207703998173310     
  -1.3903962392322666     
  -1.4641023960456188     
  -1.5420845356209472     
  -1.6245333023781805     
  -1.7116293389102200     
  -1.8035381906880907     
  -1.9004017172429057     
  -2.0023319154031465     
  -2.1093966133074313     
  -2.2216101859832915     
  -2.3389140528481227     
  -2.4611608209414002     
  -2.5880889148899202     
  -2.7192980487975218     
  -2.8542156602995723     
  -2.9920624929594455     
  -3.1318084260274954     
  -3.2721264189183699     
  -3.4113375979233083     
  -3.5473522913768214     
  -3.6776056488274693     
  -3.7989890282164307     
  -3.9077791789173233     
  -3.9995698017289412     
  -4.0692041143240862     
  -4.1107224665273137     
  -4.1173201934323318     
  -4.0813367106258696     
  -3.9942731253633688     
  -3.8468615612034429     
  -3.6291886520432071     
  -3.3308954159649313     
  -2.9414596156904795     
  -2.4505776089134321     
  -1.8486515431013131     
  -1.1273859925795608     
 -0.28049137096384874     
  0.69552186937155824     
   1.8004837172057768     
   3.0296795505233893     
   4.3730011963990894     
   5.8141993733261970     
   7.3303326988702642     
   8.8915000121947525     
   10.460960967370971     
   11.995729500515610     
   13.447712383558455     
   14.765427632315431     
   15.896291823194415     
   16.789403277460565     
   17.398685977814566     
   17.686186600010036     
   17.625261176149660     
   17.203348336354502     
   16.424009067674081     
   15.307944404430474     
   13.892763152352558     
   12.231379415896846     
   10.389060466146503     
   8.4392965603393773     
   6.4588263331505882     
   4.5222710788690224     
   2.6969223888175229     
   1.0382323706378216     
 -0.41349672429061946     
  -1.6348650736658239     
  -2.6194054949058962     
  -3.3759420623107563     
  -3.9255646914323514     
  -4.2976719206531939     
  -4.5256649545454000     
  -4.6428826775025218     
  -4.6793001484209782     
  -4.6593519175358615     
  -4.6010229209055540     
  -4.5161270383850063     
  -4.4114900112310824     
  -4.2906272701249373     
  -4.1554735755938639     
  -4.0077817207757720     
  -3.8499544500845451     
  -3.6852462226162754     
  -3.5174550434789658     
  -3.3503268659320002     
  -3.1869532306181791     
  -3.0293697190724553     
  -2.8784824217818632     
  -2.7342933857959806     
  -2.5963145278247288     
