 r0=[
   1.4142135623730936     
   1.4142135458084588     
   1.4142135536578080     
   1.4142135583677775     
   1.4142135615343636     
   1.4142135552099016     
   1.4142135499713366     
   1.4142135525120960     
   1.4142135674560383     
   1.4142135499195090     
   1.4142135486964120     
 ];
