 sl=[
   9.6884482205476630     
   9.6884482205476630     
   9.6884482205476630     
   9.6884482205476630     
   9.6884482205476630     
   9.6884482205476630     
   9.6884482205476630     
   9.6884482205476630     
   9.6884482205476630     
   9.6884482205476630     
   9.6884482205476630     
 ];
