 % t=   0.0000000000000000     
 Spect(:,           1 )=[
   804.24771931899500     
   1.0374353383363028E-012
   120.52357962059199     
   3.1671838526935275E-013
   32.434865650016299     
   1.7930688765383567E-013
   11.932466905715359     
   1.2964902024536791E-013
   4.9884883999006586     
   8.1066510395411896E-014
   2.2362211390684337     
   4.1331303016152026E-014
   1.0475026405625969     
   4.2925873877352164E-014
  0.50573674772634680     
   5.1082641971479232E-014
  0.24961568691505265     
   7.5841875468679901E-014
  0.12528900813331284     
   7.1815376607445632E-014
   6.3722406187553371E-002
   6.7000612569235159E-014
   3.2756883683457055E-002
   8.7449135942520389E-014
   1.6987472647410823E-002
   4.4441938371213281E-014
   8.8746818170477321E-003
   5.0958867820746707E-014
   4.6654682378045736E-003
   4.2766807487171652E-014
   2.4659073803608824E-003
   3.8669003936445813E-015
   1.3094594969785068E-003
   2.9170882191648187E-014
   6.9821930752403524E-004
   2.0816063681423290E-014
   3.7365422754511118E-004
   5.8938709574454379E-014
   2.0061052460136101E-004
   5.1967561485448809E-014
   1.0801835382089181E-004
   3.5754077722126697E-014
   5.8314584269087441E-005
   1.4845097791092767E-014
   3.1556282814038377E-005
   5.5613824842760428E-014
   1.7113195119330717E-005
   5.0665498464221352E-014
   9.2989185528423137E-006
   8.5294827182152972E-014
   5.0619669463327088E-006
   9.7388413656773723E-014
   2.7601292762019051E-006
   2.8238418820113355E-014
   1.5073277677615237E-006
   3.9788525032897602E-014
   8.2433743214777732E-007
   3.7168888646369426E-014
   4.5141668978045828E-007
   6.9337087218086389E-014
   2.4750622855475814E-007
   4.0175179022043616E-014
   1.3586101829504078E-007
   4.6257840761607251E-014
   7.4656823152687957E-008
   9.1254691326801988E-015
   4.1066584485752477E-008
   5.5969734390314300E-014
   2.2610783815126110E-008
   9.1147461040888571E-014
   1.2460325018257610E-008
   3.7788188914250504E-014
   6.8721525831617296E-009
   7.0155227010101946E-014
   3.7935355333843783E-009
   2.6504717957644584E-014
   2.0956054894957581E-009
   2.4959085104829324E-014
   1.1587019441193928E-009
   3.7911344559957828E-014
   6.4108783410698716E-010
   1.0487987078589240E-013
   3.5480143580535254E-010
   2.8614812106050019E-014
   1.9652378715365245E-010
   1.5619896625784111E-014
   1.0883478399493282E-010
   8.9667798000821416E-014
   6.0446157081145145E-011
   7.1510850241695812E-014
   3.3444910254017124E-011
   5.0049212648041896E-014
   1.8604746278919353E-011
   5.2329980412810079E-014
   1.0428123688941295E-011
   8.7149430623959177E-014
   6.1383758477486539E-012
   9.9131726679195578E-014
   3.1852214071900353E-012
   4.6862390242510970E-014
   1.8391272313828585E-012
   3.8934505696261788E-014
   1.1689036015247655E-012
   1.0152492850338107E-013
   7.6238204182362459E-013
   1.0668933301283937E-013
   2.7889746274614263E-013
   3.6602563679029167E-014
   2.7133657855740925E-013
   6.6524065613286213E-014
   2.9150917130884911E-013
   7.1529240942075234E-014
   5.0599238532073604E-013
   9.7916070138164130E-014
   3.1348632712098521E-013
   8.2747266244337259E-014
   9.2953052458797858E-014
   4.9826418087371352E-014
   2.6979102599576136E-013
   3.9906903479898173E-014
   8.3255486236530383E-014
   1.0421999831975606E-013
   1.6096226238091113E-013
   4.7273179562780847E-014
   1.1341765277360293E-013
   7.2648492903711699E-014
   3.7085680259847709E-013
   1.0169953348818244E-013
   7.9783540329675583E-013
   9.8559533493131228E-014
   4.1847064327155049E-013
   8.0884593427884193E-014
   4.6605932844787494E-013
   6.9828822328542204E-014
   8.3552793264666220E-014
   7.3870227521942240E-014
   1.7859124117038969E-013
   2.5308109826751193E-014
   3.1754006979673968E-013
   8.4968726470442532E-014
   3.1629026667323434E-013
   2.3246629750422859E-014
   4.1635107636996210E-013
   6.3837624853907972E-014
   3.5257854382674667E-013
   2.5128634959717631E-014
   3.1999250312834039E-013
   6.0552803306547168E-014
   1.8996683548798922E-013
   6.8865922137574235E-015
   9.5742169580290157E-014
   1.5063898832820767E-013
   4.8902727549752009E-013
   2.6819747643710175E-014
   1.1546185831727269E-013
   1.3764102349410070E-013
   1.7047808935645384E-013
   7.7666689176102590E-014
   2.1349145862979422E-013
   2.9276207315167846E-014
   7.6409505216998456E-013
   1.0698327265200266E-013
   2.2945015929480214E-013
   1.7196059134373520E-013
   5.3090705546195782E-013
   1.9369441928470770E-013
   3.2893934732665368E-013
   6.8200908947287818E-014
   4.0188618276322357E-013
   1.0726848366936760E-013
   4.6858111787460293E-014
   1.0570603737406706E-013
   4.0438482592332481E-013
   1.7361001379978707E-013
   2.5128112814683846E-013
   1.2785877730532884E-013
   4.4002608358347459E-013
   1.6660450317692173E-013
   3.1675848573032669E-013
   7.8025743021040371E-014
   5.6159496416756125E-013
   1.9963690198728964E-014
   4.8525119805501410E-013
   4.9544720940291767E-014
   6.5054728877062166E-013
   7.4282495702932596E-014
   1.2095558601626419E-013
   6.6025659943695081E-014
   3.3619124188587707E-013
   8.6275191770734346E-014
   1.0048200460968273E-012
   5.4619687603260852E-014
   1.7666886376619033E-012
   5.9726438488076357E-014
   6.4650376919689228E-013
   5.6327714013074618E-014
   2.8403023000124731E-013
   6.4573927271991316E-014
   2.7416884349507143E-013
   9.3853548967872369E-014
   6.4678151730207826E-013
   1.9590245460733626E-013
   1.5751827077203675E-013
   4.9545733604765868E-014
   1.2273897524796163E-013
   4.6041467988612717E-014
   4.1076789718150982E-013
   6.7089637687208280E-014
   2.0494317020335790E-012
   9.1500407545786605E-014
   5.2262609028166040E-013
   2.5746303792340524E-014
   5.0216638199341969E-013
   2.0758324256678487E-013
   8.3166102583078236E-013
   1.0437185603715863E-013
   5.9332294737881168E-013
   1.7175781103907238E-013
   6.9987942131821315E-013
   7.7268957209758405E-014
   3.6675280998737142E-013
   8.0745190890401457E-014
   1.4724781687711227E-012
   1.9059296888732054E-013
   2.5745506145064123E-012
   2.1424156095367884E-013
   1.5568158412798368E-012
   1.2624047179065163E-013
   2.9148374273351234E-013
   9.4310526427965950E-014
   4.6983423928233971E-013
   2.9835482595881723E-013
   6.3952727397269514E-013
   2.4566112098072009E-013
   4.3713718214365428E-013
   1.3498139786312338E-013
   6.8307594654197028E-013
   5.7414566533185245E-014
   6.4415718359962184E-014
   7.6859417626935098E-014
   1.8057688398003301E-013
   3.9488905724176431E-014
   1.3917846129028351E-013
   1.5141458552827661E-013
   3.5395720401832890E-013
   1.3749658289681408E-013
   2.3621403296370665E-013
   2.2782170714856448E-013
   5.6522403639496849E-013
   2.6515043844286052E-013
   6.3814693297132217E-013
   1.7525107861901610E-013
   1.6518975713571189E-012
   6.3900791005946787E-014
   4.5412410657186211E-012
   5.2118305209141405E-013
   5.6843418860808015E-014
 ];
