 theta1=[
   1.5707963267948966     
   1.6086215227914513     
   1.6463254188895309     
   1.6837893306316374     
   1.7208996629563431     
   1.7575501153468609     
   1.7936435169232223     
   1.8290932242544242     
   1.8638240517830988     
   1.8977727402331055     
   1.9308879983827945     
   1.9631301757151549     
   1.9944706368170475     
   2.0248909134382784     
   2.0543817082044575     
   2.0829418169816081     
   2.1105770267419866     
   2.1372990342417171     
   2.1631244192382080     
   2.1880736953306306     
   2.2121704523296266     
   2.2354405966255664     
   2.2579116903021204     
   2.2796123856136572     
   2.3005719486692549     
   2.3208198644949802     
   2.3403855148245247     
   2.3592979197775046     
   2.3775855348235209     
   2.3952760949618090     
   2.4123964987341586     
   2.4289727254655356     
   2.4450297799122502     
   2.4605916592687667     
   2.4756813381983780     
   2.4903207682099371     
   2.5045308882844037     
   2.5183316441740500     
   2.5317420142356806     
   2.5447800400501044     
   2.5574628603991965     
   2.5698067474502406     
   2.5818271442259033     
   2.5935387026304597     
   2.6049553214595460     
   2.6160901839541664     
   2.6269557945619679     
   2.6375640146599117     
   2.6479260970583880     
   2.6580527191661876     
   2.6679540147382395     
   2.6776396041652917     
   2.6871186232902851     
   2.6963997507605235     
   2.7054912339373391     
   2.7144009134013967     
   2.7231362460961410     
   2.7317043271629529     
   2.7401119105203211     
   2.7483654282477863     
   2.7564710088302871     
   2.7644344943240089     
   2.7722614565009849     
   2.7799572120290095     
   2.7875268367430683     
   2.7949751790606809     
   2.8023068725923928     
   2.8095263479971537     
   2.8166378441266633     
   2.8236454185058335     
   2.8305529571875345     
   2.8373641840240054     
   2.8440826693890893     
   2.8507118383885524     
   2.8572549785887968     
   2.8637152472967244     
   2.8700956784174991     
   2.8763991889188425     
   2.8826285849255178     
   2.8887865674685971     
   2.8948757379109011     
   2.9008986030696997     
   2.9068575800551946     
   2.9127550008437284     
   2.9185931166012686     
   2.9243741017746303     
   2.9301000579626768     
   2.9357730175841743     
   2.9413949473520655     
   2.9469677515690016     
   2.9524932752527704     
   2.9579733071044387     
   2.9634095823271691     
   2.9688037853060671     
   2.9741575521572745     
   2.9794724731541642     
   2.9847500950388604     
   2.9899919232253236     
   2.9951994239012469     
   3.0003740260355274     
   3.0055171232949371     
   3.0106300758794067     
   3.0157142122764728     
   3.0207708309442425     
   3.0258012019239491     
   3.0308065683887158     
   3.0357881481316058     
   3.0407471349970243     
   3.0456847002595255     
   3.0506019939528186     
   3.0555001461530003     
   3.0603802682185464     
   3.0652434539907238     
   3.0700907809562459     
   3.0749233113762959     
   3.0797420933830209     
   3.0845481620470170     
   3.0893425404180350     
   3.0941262405403585     
   3.0989002644466108     
   3.1036656051303506     
   3.1084232475011051     
   3.1131741693225448     
   3.1179193421366280     
   3.1226597321753529     
   3.1273963012615891     
   3.1321300077015577     
   3.1368618071698533     
   3.1415926535898100     
   3.1463235000097569     
   3.1510552994780463     
   3.1557890059180282     
   3.1605255750042627     
   3.1652659650429977     
   3.1700111378570597     
   3.1747620596785033     
   3.1795197020492378     
   3.1842850427330003     
   3.1890590666392642     
   3.1938427667615783     
   3.1986371451325892     
   3.2034432137965867     
   3.2082619958033218     
   3.2130945262233519     
   3.2179418531889254     
   3.2228050389610550     
   3.2276851610266029     
   3.2325833132268045     
   3.2375006069200625     
   3.2424381721826192     
   3.2473971590479986     
   3.2523787387909007     
   3.2573841052556318     
   3.2624144762353575     
   3.2674710949031578     
   3.2725552313001991     
   3.2776681838846802     
   3.2828112811440864     
   3.2879858832783571     
   3.2931933839542920     
   3.2984352121407774     
   3.3037128340254345     
   3.3090277550223375     
   3.3143815218735511     
   3.3197757248524278     
   3.3252120000751892     
   3.3306920319268416     
   3.3362175556106028     
   3.3417903598275309     
   3.3474122895954328     
   3.3530852492169352     
   3.3588112054049963     
   3.3645921905783291     
   3.3704303063358942     
   3.3763277271244210     
   3.3822867041098972     
   3.3883095692687371     
   3.3943987397110114     
   3.4005567222540978     
   3.4067861182607420     
   3.4130896287621182     
   3.4194700598828973     
   3.4259303285908214     
   3.4324734687910494     
   3.4391026377905232     
   3.4458211231555911     
   3.4526323499920726     
   3.4595398886737767     
   3.4665474630529642     
   3.4736589591824649     
   3.4808784345872237     
   3.4882101281189266     
   3.4956584704365561     
   3.5032280951506016     
   3.5109238506786289     
   3.5187508128555871     
   3.5267142983493485     
   3.5348198789318115     
   3.5430733966593011     
   3.5514809800166591     
   3.5600490610834612     
   3.5687843937781989     
   3.5776940732422862     
   3.5867855564190827     
   3.5960666838893314     
   3.6055457030142923     
   3.6152312924413943     
   3.6251325880134075     
   3.6352592101212613     
   3.6456212925196869     
   3.6562295126176689     
   3.6670951232254261     
   3.6782299857200549     
   3.6896466045491589     
   3.7013581629537105     
   3.7133785597293540     
   3.7257224467804284     
   3.7384052671294867     
   3.7514432929439523     
   3.7648536630055376     
   3.7786544188952149     
   3.7928645389696776     
   3.8075039689812309     
   3.8225936479108231     
   3.8381555272673911     
   3.8542125817140835     
   3.8707888084454281     
   3.8879092122178331     
   3.9055997723560898     
   3.9238873874020888     
   3.9427997923551064     
   3.9623654426845980     
   3.9826133585103665     
   4.0035729215659490     
   4.0252736168775112     
   4.0477447105540438     
   4.0710148548499721     
   4.0951116118489868     
   4.1200608879413867     
   4.1458862729379220     
   4.1726082804376254     
   4.2002434901980168     
   4.2288035989751283     
   4.2582943937413482     
   4.2887146703625589     
   4.3200551314644571     
   4.3522973087967998     
   4.3854125669465134     
   4.4193612553965158     
   4.4540920829251878     
   4.4895417902563821     
   4.5256351918327411     
   4.5622856442232367     
   4.5993959765480099     
   4.6368598882900729     
   4.6745637843881749     
   4.7123889803846915     
   4.7502141763812524     
   4.7879180724793251     
   4.8253819842214449     
   4.8624923165461418     
   4.8991427689366613     
   4.9352361705130114     
   4.9706858778442236     
   5.0054167053729026     
   5.0393653938228979     
   5.0724806519726089     
   5.1047228293049383     
   5.1360632904068515     
   5.1664835670280791     
   5.1959743617942564     
   5.2245344705714079     
   5.2521696803317850     
   5.2788916878315186     
   5.3047170728280069     
   5.3296663489204299     
   5.3537631059194180     
   5.3770332502153577     
   5.3995043438919286     
   5.4212050392034516     
   5.4421646022590568     
   5.4624125180847791     
   5.4819781684143312     
   5.5008905733672924     
   5.5191781884133331     
   5.5368687485515968     
   5.5539891523239682     
   5.5705653790553278     
   5.5866224335020531     
   5.6021843128585616     
   5.6172739917881866     
   5.6319134217997284     
   5.6461235418742088     
   5.6599242977638458     
   5.6733346678254861     
