 thetaADB=[
   1.5680402354066583     
   1.6058504276062449     
   1.6436066874262274     
   1.6811893849270816     
   1.7184805259025620     
   1.7553661857831420     
   1.7917388613484342     
   1.8274996248973048     
   1.8625599717375954     
   1.8968432672901170     
   1.9302857240917468     
   1.9628368698342997     
   1.9944595026026120     
   2.0251291653211565     
   2.0548332043501008     
   2.0835695036756001     
   2.1113450032836432     
   2.1381741163562937     
   2.1640771544619004     
   2.1890788541054769     
   2.2132070743422485     
   2.2364917071635819     
   2.2589638140001318     
   2.2806549767302737     
   2.3015968330197003     
   2.3218207553670105     
   2.3413576310910065     
   2.3602377054549999     
   2.3784904598113994     
   2.3961445082029824     
   2.4132275064512756     
   2.4297660753256958     
   2.4457857428822640     
   2.4613109107040279     
   2.4763648457054370     
   2.4909696951072169     
   2.5051465187812325     
   2.5189153315603079     
   2.5322951486189247     
   2.5453040292034923     
   2.5579591168443900     
   2.5702766766592351     
   2.5822721316974282     
   2.5939601002904635     
   2.6053544353727798     
   2.6164682654123519     
   2.6273140355649733     
   2.6379035473791630     
   2.6482479957978677     
   2.6583580030527436     
   2.6682436498523932     
   2.6779145047015147     
   2.6873796521298794     
   2.6966477201978383     
   2.7057269071626835     
   2.7146250068873070     
   2.7233494325761236     
   2.7319072386700589     
   2.7403051410455745     
   2.7485495358706240     
   2.7566465174725598     
   2.7646018954175449     
   2.7724212107964816     
   2.7801097515887809     
   2.7876725669863145     
   2.7951144806710602     
   2.8024401031666772     
   2.8096538434421485     
   2.8167599199139053     
   2.8237623708999688     
   2.8306650645050242     
   2.8374717078878491     
   2.8441858559080129     
   2.8508109192012889     
   2.8573501717751415     
   2.8638067582004476     
   2.8701837004372681     
   2.8764839042911721     
   2.8827101654858507     
   2.8888651753581254     
   2.8949515262081178     
   2.9009717163527462     
   2.9069281549221238     
   2.9128231664118749     
   2.9186589949952433     
   2.9244378085874310     
   2.9301617026801670     
   2.9358327039654077     
   2.9414527737780611     
   2.9470238113717211     
   2.9525476570332865     
   2.9580260950365274     
   2.9634608564398697     
   2.9688536217407044     
   2.9742060234035934     
   2.9795196482721558     
   2.9847960398718616     
   2.9900367006036381     
   2.9952430938330306     
   3.0004166458816393     
   3.0055587479321462     
   3.0106707578525338     
   3.0157540019461617     
   3.0208097766265061     
   3.0258393500226726     
   3.0308439635176554     
   3.0358248332293374     
   3.0407831514356820     
   3.0457200879496740     
   3.0506367914434476     
   3.0555343907264367     
   3.0604139959789802     
   3.0652766999486905     
   3.0701235791095716     
   3.0749556947884802     
   3.0797740942580951     
   3.0845798118016390     
   3.0893738697492692     
   3.0941572794920953     
   3.0989310424733039     
   3.1036961511599692     
   3.1084535899952819     
   3.1132043363353841     
   3.1179493613718394     
   3.1226896310423951     
   3.1274261069309501     
   3.1321597471597014     
   3.1368915072727455     
   3.1416223411163635     
   3.1463532017148186     
   3.1510850421457537     
   3.1558188164147669     
   3.1605554803326950     
   3.1652959923953112     
   3.1700413146699997     
   3.1747924136883072     
   3.1795502613485347     
   3.1843158358281363     
   3.1890901225093415     
   3.1938741149190344     
   3.1986688156853749     
   3.2034752375129871     
   3.2082944041784116     
   3.2131273515482013     
   3.2179751286226050     
   3.2228387986054918     
   3.2277194400050928     
   3.2326181477655895     
   3.2375360344346329     
   3.2424742313671824     
   3.2474338899707851     
   3.2524161829934024     
   3.2574223058581371     
   3.2624534780475529     
   3.2675109445417063     
   3.2725959773126565     
   3.2777098768810484     
   3.2828539739362483     
   3.2880296310277495     
   3.2932382443293258     
   3.2984812454834431     
   3.3037601035294908     
   3.3090763269220327     
   3.3144314656453249     
   3.3198271134298469     
   3.3252649100778244     
   3.3307465439051809     
   3.3362737543070620     
   3.3418483344554568     
   3.3474721341375142     
   3.3531470627439979     
   3.3588750924173603     
   3.3646582613707912     
   3.3704986773886585     
   3.3763985215215522     
   3.3823600519877264     
   3.3883856082957342     
   3.3944776156026446     
   3.4006385893237407     
   3.4068711400106038     
   3.4131779785160665     
   3.4195619214648687     
   3.4260258970511530     
   3.4325729511849703     
   3.4392062540111263     
   3.4459291068259055     
   3.4527449494186762     
   3.4596573678668774     
   3.4666701028152911     
   3.4737870582715700     
   3.4810123109538242     
   3.4883501202251530     
   3.4958049386557386     
   3.5033814232523781     
   3.5110844473984542     
   3.5189191135506874     
   3.5268907667387310     
   3.5350050089172802     
   3.5432677142217410     
   3.5516850451787771     
   3.5602634699254398     
   3.5690097804897771     
   3.5779311121848592     
   3.5870349641683950     
   3.5963292212151075     
   3.6058221767452023     
   3.6155225571460750     
   3.6254395474143646     
   3.6355828181323426     
   3.6459625537777272     
   3.6565894823422544     
   3.6674749062079171     
   3.6786307341963749     
   3.6900695146593909     
   3.7018044694295935     
   3.7138495283803490     
   3.7262193642639563     
   3.7389294274004419     
   3.7519959796680178     
   3.7654361271085999     
   3.7792678502904051     
   3.7935100313753365     
   3.8081824766059156     
   3.8233059326630880     
   3.8389020950375481     
   3.8549936062182857     
   3.8716040411132990     
   3.8887578767019932     
   3.9064804424665729     
   3.9247978476782084     
   3.9437368811417164     
   3.9633248785423234     
   3.9835895521316749     
   4.0045587771711499     
   4.0262603293688368     
   4.0487215675720236     
   4.0719690562680908     
   4.0960281231039346     
   4.1209223477251289     
   4.1466729798743573     
   4.1732982869341759     
   4.2008128340477260     
   4.2292267036188429     
   4.2585446654005468     
   4.2887653134520143     
   4.3198801918484744     
   4.3518729369372160     
   4.3847184698091244     
   4.4183822780616788     
   4.4528198303317748     
   4.4879761698467835     
   4.5237857337451173     
   4.5601724424943573     
   4.5970500978719748     
   4.6343231182910021     
   4.6718876266864475     
   4.7096328889964445     
   4.7474430811960460     
   4.7851993410160194     
   4.8227820385168831     
   4.8600731794923560     
   4.8969588393729397     
   4.9333315149382369     
   4.9690922784870963     
   5.0041526253274116     
   5.0384359208799099     
   5.0718783776815544     
   5.1044295234240931     
   5.1360521561924291     
   5.1667218189109390     
   5.1964258579399143     
   5.2251621572653910     
   5.2529376568734447     
   5.2797667699460868     
   5.3056698080516984     
   5.3306715076952740     
   5.3547997279320425     
   5.3780843607533884     
   5.4005564675899320     
   5.4222476303200651     
   5.4431894866095147     
   5.4634134089568063     
   5.4829502846808058     
   5.5018303590448010     
   5.5200831134011956     
   5.5377371617927746     
   5.5548201600410767     
   5.5713587289154969     
   5.5873783964720634     
   5.6029035642938192     
   5.6179574992952599     
   5.6325623486970011     
   5.6467391723710438     
   5.6605079851501010     
   5.6738878022087311     
